      #Energy        PDOS
      -9.62474       0.00000
      -9.60774       0.00000
      -9.59174       0.00000
      -9.57474       0.00000
      -9.55874       0.00000
      -9.54174       0.00000
      -9.52474       0.00000
      -9.50874       0.00000
      -9.49174       0.00000
      -9.47574       0.00000
      -9.45874       0.00000
      -9.44274       0.00000
      -9.42574       0.00000
      -9.40974       0.00000
      -9.39274       0.00000
      -9.37674       0.00000
      -9.35974       0.00000
      -9.34374       0.00000
      -9.32674       0.00000
      -9.31074       0.00000
      -9.29374       0.00000
      -9.27774       0.00000
      -9.26074       0.00000
      -9.24474       0.00000
      -9.22774       0.00000
      -9.21074       0.00000
      -9.19474       0.00000
      -9.17774       0.00000
      -9.16174       0.00000
      -9.14474       0.00000
      -9.12874       0.00000
      -9.11174       0.00000
      -9.09574       0.00000
      -9.07874       0.00000
      -9.06274       0.00000
      -9.04574       0.00000
      -9.02974       0.00000
      -9.01274       0.00000
      -8.99674       0.00000
      -8.97974       0.00000
      -8.96374       0.00000
      -8.94674       0.00000
      -8.93074       0.00000
      -8.91374       0.00000
      -8.89674       0.00001
      -8.88074       0.00002
      -8.86374       0.00003
      -8.84774       0.00006
      -8.83074       0.00008
      -8.81474       0.00009
      -8.79774       0.00010
      -8.78174       0.00010
      -8.76474       0.00014
      -8.74874       0.00021
      -8.73174       0.00031
      -8.71574       0.00040
      -8.69874       0.00048
      -8.68274       0.00051
      -8.66574       0.00048
      -8.64974       0.00039
      -8.63274       0.00028
      -8.61674       0.00018
      -8.59974       0.00017
      -8.58274       0.00028
      -8.56674       0.00055
      -8.54974       0.00093
      -8.53374       0.00128
      -8.51674       0.00145
      -8.50074       0.00136
      -8.48374       0.00113
      -8.46774       0.00096
      -8.45074       0.00095
      -8.43474       0.00101
      -8.41774       0.00101
      -8.40174       0.00085
      -8.38474       0.00060
      -8.36874       0.00039
      -8.35174       0.00033
      -8.33574       0.00050
      -8.31874       0.00094
      -8.30274       0.00162
      -8.28574       0.00245
      -8.26874       0.00326
      -8.25274       0.00382
      -8.23574       0.00387
      -8.21974       0.00334
      -8.20274       0.00242
      -8.18674       0.00152
      -8.16974       0.00097
      -8.15374       0.00091
      -8.13674       0.00128
      -8.12074       0.00180
      -8.10374       0.00214
      -8.08774       0.00209
      -8.07074       0.00167
      -8.05474       0.00120
      -8.03774       0.00104
      -8.02174       0.00148
      -8.00474       0.00259
      -7.98874       0.00408
      -7.97174       0.00538
      -7.95474       0.00602
      -7.93874       0.00608
      -7.92174       0.00612
      -7.90574       0.00653
      -7.88874       0.00694
      -7.87274       0.00666
      -7.85574       0.00541
      -7.83974       0.00361
      -7.82274       0.00200
      -7.80674       0.00104
      -7.78974       0.00086
      -7.77374       0.00141
      -7.75674       0.00255
      -7.74074       0.00397
      -7.72374       0.00521
      -7.70774       0.00601
      -7.69074       0.00663
      -7.67474       0.00767
      -7.65774       0.00953
      -7.64074       0.01204
      -7.62474       0.01458
      -7.60774       0.01646
      -7.59174       0.01717
      -7.57474       0.01668
      -7.55874       0.01561
      -7.54174       0.01508
      -7.52574       0.01583
      -7.50874       0.01740
      -7.49274       0.01817
      -7.47574       0.01665
      -7.45974       0.01290
      -7.44274       0.00852
      -7.42674       0.00544
      -7.40974       0.00473
      -7.39374       0.00637
      -7.37674       0.00950
      -7.36074       0.01278
      -7.34374       0.01498
      -7.32674       0.01563
      -7.31074       0.01531
      -7.29374       0.01535
      -7.27774       0.01693
      -7.26074       0.02025
      -7.24474       0.02429
      -7.22774       0.02760
      -7.21174       0.02910
      -7.19474       0.02848
      -7.17874       0.02639
      -7.16174       0.02455
      -7.14574       0.02511
      -7.12874       0.02876
      -7.11274       0.03337
      -7.09574       0.03506
      -7.07974       0.03135
      -7.06274       0.02342
      -7.04574       0.01508
      -7.02974       0.00995
      -7.01274       0.00942
      -6.99674       0.01250
      -6.97974       0.01662
      -6.96374       0.01898
      -6.94674       0.01839
      -6.93074       0.01651
      -6.91374       0.01739
      -6.89774       0.02512
      -6.88074       0.04094
      -6.86474       0.06135
      -6.84774       0.07945
      -6.83174       0.08945
      -6.81474       0.09017
      -6.79874       0.08393
      -6.78174       0.07314
      -6.76574       0.05960
      -6.74874       0.04625
      -6.73174       0.03708
      -6.71574       0.03422
      -6.69874       0.03652
      -6.68274       0.04141
      -6.66574       0.04833
      -6.64974       0.06098
      -6.63274       0.08675
      -6.61674       0.13177
      -6.59974       0.19326
      -6.58374       0.25670
      -6.56674       0.30534
      -6.55074       0.33603
      -6.53374       0.36237
      -6.51774       0.39798
      -6.50074       0.43809
      -6.48474       0.46218
      -6.46774       0.45414
      -6.45174       0.41652
      -6.43474       0.36477
      -6.41774       0.31431
      -6.40174       0.27384
      -6.38474       0.24891
      -6.36874       0.24936
      -6.35174       0.28860
      -6.33574       0.37083
      -6.31874       0.47748
      -6.30274       0.57501
      -6.28574       0.63900
      -6.26974       0.66981
      -6.25274       0.68184
      -6.23674       0.68124
      -6.21974       0.66141
      -6.20374       0.61602
      -6.18674       0.55197
      -6.17074       0.48939
      -6.15374       0.45447
      -6.13774       0.47190
      -6.12074       0.55224
      -6.10374       0.67791
      -6.08774       0.80076
      -6.07074       0.86292
      -6.05474       0.83448
      -6.03774       0.73650
      -6.02174       0.63261
      -6.00474       0.58344
      -5.98874       0.60417
      -5.97174       0.66033
      -5.95574       0.70323
      -5.93874       0.71193
      -5.92274       0.70680
      -5.90574       0.72651
      -5.88974       0.79677
      -5.87274       0.91368
      -5.85674       1.04982
      -5.83974       1.17534
      -5.82374       1.28112
      -5.80674       1.38156
      -5.78974       1.49214
      -5.77374       1.59870
      -5.75674       1.65918
      -5.74074       1.64376
      -5.72374       1.58235
      -5.70774       1.56939
      -5.69074       1.70580
      -5.67474       2.01450
      -5.65774       2.41077
      -5.64174       2.75151
      -5.62474       2.93241
      -5.60874       2.94528
      -5.59174       2.87568
      -5.57574       2.85210
      -5.55874       2.98062
      -5.54274       3.25686
      -5.52574       3.53478
      -5.50974       3.62532
      -5.49274       3.46788
      -5.47574       3.17652
      -5.45974       2.91381
      -5.44274       2.75937
      -5.42674       2.72049
      -5.40974       2.79666
      -5.39374       2.96850
      -5.37674       3.14838
      -5.36074       3.20772
      -5.34374       3.07674
      -5.32774       2.80476
      -5.31074       2.50668
      -5.29474       2.25738
      -5.27774       2.06436
      -5.26174       1.91478
      -5.24474       1.82676
      -5.22874       1.82916
      -5.21174       1.92066
      -5.19574       2.06940
      -5.17874       2.25414
      -5.16174       2.48670
      -5.14574       2.78370
      -5.12874       3.12810
      -5.11274       3.46650
      -5.09574       3.74790
      -5.07974       3.94020
      -5.06274       4.04520
      -5.04674       4.10100
      -5.02974       4.16580
      -5.01374       4.25670
      -4.99674       4.31820
      -4.98074       4.27950
      -4.96374       4.14870
      -4.94774       4.01400
      -4.93074       3.95400
      -4.91474       3.96120
      -4.89774       3.94800
      -4.88174       3.84270
      -4.86474       3.65700
      -4.84774       3.48900
      -4.83174       3.43380
      -4.81474       3.51180
      -4.79874       3.67200
      -4.78174       3.84150
      -4.76574       3.96810
      -4.74874       4.01580
      -4.73274       3.94980
      -4.71574       3.74730
      -4.69974       3.44580
      -4.68274       3.15630
      -4.66674       3.00870
      -4.64974       3.04350
      -4.63374       3.17580
      -4.61674       3.27060
      -4.60074       3.22680
      -4.58374       3.01590
      -4.56774       2.69700
      -4.55074       2.38170
      -4.53374       2.17470
      -4.51774       2.11800
      -4.50074       2.21910
      -4.48474       2.49660
      -4.46774       2.94810
      -4.45174       3.51180
      -4.43474       4.06560
      -4.41874       4.49250
      -4.40174       4.74240
      -4.38574       4.83870
      -4.36874       4.84920
      -4.35274       4.84590
      -4.33574       4.87710
      -4.31974       4.95900
      -4.30274       5.08080
      -4.28674       5.21940
      -4.26974       5.34900
      -4.25374       5.43630
      -4.23674       5.42760
      -4.21974       5.30340
      -4.20374       5.15400
      -4.18674       5.15340
      -4.17074       5.40870
      -4.15374       5.84370
      -4.13774       6.28470
      -4.12074       6.64890
      -4.10474       7.00320
      -4.08774       7.44180
      -4.07174       7.97610
      -4.05474       8.52750
      -4.03874       8.97900
      -4.02174       9.23700
      -4.00574       9.29250
      -3.98874       9.20010
      -3.97274       8.98050
      -3.95574       8.58000
      -3.93974       7.96590
      -3.92274       7.22010
      -3.90574       6.50640
      -3.88974       5.95440
      -3.87274       5.60370
      -3.85674       5.44230
      -3.83974       5.46030
      -3.82374       5.66940
      -3.80674       6.08340
      -3.79074       6.69660
      -3.77374       7.47000
      -3.75774       8.34930
      -3.74074       9.26730
      -3.72474      10.10850
      -3.70774      10.68390
      -3.69174      10.79610
      -3.67474      10.36290
      -3.65874       9.48600
      -3.64174       8.43600
      -3.62574       7.55220
      -3.60874       7.09230
      -3.59174       7.07550
      -3.57574       7.26720
      -3.55874       7.37460
      -3.54274       7.28280
      -3.52574       7.10190
      -3.50974       7.01760
      -3.49274       7.13550
      -3.47674       7.42020
      -3.45974       7.71930
      -3.44374       7.82970
      -3.42674       7.60050
      -3.41074       7.03650
      -3.39374       6.33120
      -3.37774       5.75700
      -3.36074       5.50170
      -3.34474       5.58150
      -3.32774       5.88360
      -3.31174       6.24300
      -3.29474       6.52800
      -3.27774       6.74190
      -3.26174       7.02270
      -3.24474       7.48530
      -3.22874       8.05710
      -3.21174       8.50320
      -3.19574       8.61300
      -3.17874       8.36160
      -3.16274       7.91250
      -3.14574       7.49670
      -3.12974       7.27020
      -3.11274       7.23660
      -3.09674       7.25520
      -3.07974       7.15080
      -3.06374       6.87720
      -3.04674       6.56910
      -3.03074       6.40140
      -3.01374       6.40530
      -2.99774       6.47460
      -2.98074       6.53250
      -2.96374       6.60090
      -2.94774       6.67620
      -2.93074       6.61530
      -2.91474       6.24510
      -2.89774       5.56680
      -2.88174       4.79880
      -2.86474       4.24260
      -2.84874       4.11450
      -2.83174       4.47870
      -2.81574       5.24730
      -2.79874       6.22770
      -2.78274       7.18950
      -2.76574       7.94070
      -2.74974       8.42190
      -2.73274       8.72790
      -2.71674       9.00690
      -2.69974       9.29190
      -2.68374       9.46110
      -2.66674       9.37080
      -2.64974       9.02430
      -2.63374       8.59110
      -2.61674       8.28450
      -2.60074       8.22720
      -2.58374       8.40270
      -2.56774       8.71200
      -2.55074       9.07560
      -2.53474       9.48870
      -2.51774       9.98790
      -2.50174      10.54380
      -2.48474      10.99020
      -2.46874      11.06910
      -2.45174      10.63560
      -2.43574       9.80910
      -2.41874       8.99430
      -2.40274       8.55180
      -2.38574       8.52600
      -2.36974       8.62500
      -2.35274       8.46930
      -2.33574       7.87770
      -2.31974       6.99390
      -2.30274       6.20580
      -2.28674       5.90970
      -2.26974       6.28830
      -2.25374       7.24230
      -2.23674       8.46870
      -2.22074       9.57270
      -2.20374      10.15170
      -2.18774       9.91320
      -2.17074       8.86380
      -2.15474       7.35930
      -2.13774       5.95290
      -2.12174       5.06790
      -2.10474       4.82070
      -2.08874       5.07690
      -2.07174       5.63520
      -2.05574       6.37830
      -2.03874       7.26600
      -2.02174       8.19060
      -2.00574       8.90640
      -1.98874       9.17040
      -1.97274       8.96160
      -1.95574       8.53620
      -1.93974       8.17620
      -1.92274       7.98090
      -1.90674       7.87650
      -1.88974       7.81590
      -1.87374       7.85730
      -1.85674       8.04210
      -1.84074       8.23500
      -1.82374       8.18100
      -1.80774       7.70970
      -1.79074       6.88890
      -1.77474       5.95800
      -1.75774       5.15160
      -1.74174       4.57620
      -1.72474       4.24230
      -1.70774       4.15860
      -1.69174       4.33260
      -1.67474       4.67340
      -1.65874       4.96830
      -1.64174       5.02290
      -1.62574       4.81830
      -1.60874       4.50312
      -1.59274       4.22622
      -1.57574       4.01232
      -1.55974       3.79938
      -1.54274       3.56214
      -1.52674       3.34206
      -1.50974       3.17208
      -1.49374       2.99979
      -1.47674       2.72460
      -1.46074       2.30904
      -1.44374       1.82626
      -1.42774       1.39004
      -1.41074       1.06489
      -1.39374       0.84533
      -1.37774       0.70678
      -1.36074       0.64332
      -1.34474       0.65106
      -1.32774       0.69903
      -1.31174       0.73914
      -1.29474       0.74028
      -1.27874       0.70428
      -1.26174       0.64935
      -1.24574       0.59121
      -1.22874       0.53274
      -1.21274       0.46471
      -1.19574       0.37766
      -1.17974       0.27575
      -1.16274       0.17796
      -1.14674       0.10651
      -1.12974       0.07669
      -1.11374       0.09488
      -1.09674       0.15928
      -1.07974       0.25899
      -1.06374       0.37896
      -1.04674       0.51066
      -1.03074       0.65244
      -1.01374       0.79002
      -0.99774       0.88737
      -0.98074       0.91659
      -0.96474       0.89277
      -0.94774       0.86561
      -0.93174       0.87017
      -0.91474       0.89439
      -0.89874       0.88953
      -0.88174       0.80717
      -0.86574       0.64035
      -0.84874       0.43341
      -0.83274       0.25213
      -0.81574       0.14429
      -0.79874       0.12962
      -0.78274       0.21312
      -0.76574       0.38987
      -0.74974       0.63168
      -0.73274       0.87678
      -0.71674       1.04574
      -0.69974       1.08108
      -0.68374       0.97860
      -0.66674       0.78840
      -0.65074       0.58275
      -0.63374       0.41169
      -0.61774       0.28563
      -0.60074       0.19196
      -0.58474       0.11935
      -0.56774       0.06602
      -0.55174       0.03358
      -0.53474       0.02089
      -0.51874       0.02414
      -0.50174       0.03911
      -0.48474       0.06235
      -0.46874       0.09197
      -0.45174       0.12748
      -0.43574       0.16598
      -0.41874       0.19703
      -0.40274       0.20573
      -0.38574       0.18430
      -0.36974       0.14339
      -0.35274       0.11101
      -0.33674       0.12143
      -0.31974       0.20366
      -0.30374       0.36984
      -0.28674       0.60099
      -0.27074       0.84366
      -0.25374       1.03083
      -0.23774       1.11852
      -0.22074       1.10601
      -0.20474       1.02063
      -0.18774       0.89181
      -0.17074       0.74501
      -0.15474       0.60720
      -0.13774       0.50466
      -0.12174       0.45624
      -0.10474       0.46881
      -0.08874       0.53037
      -0.07174       0.60138
      -0.05574       0.62733
      -0.03874       0.57684
      -0.02274       0.46812
      -0.00574       0.35136
       0.01026       0.26637
       0.02726       0.22280
       0.04326       0.21134
       0.06026       0.21855
       0.07626       0.22885
       0.09326       0.22492
       0.10926       0.19730
       0.12626       0.15248
       0.14326       0.10915
       0.15926       0.08618
       0.17626       0.09392
       0.19226       0.12954
       0.20926       0.17648
       0.22526       0.21380
       0.24226       0.23577
       0.25826       0.26154
       0.27526       0.31785
       0.29126       0.40548
       0.30826       0.48675
       0.32426       0.51216
       0.34126       0.46068
       0.35726       0.35454
       0.37426       0.23803
       0.39026       0.14864
       0.40726       0.10357
       0.42326       0.09935
       0.44026       0.11774
       0.45726       0.13544
       0.47326       0.13980
       0.49026       0.14221
       0.50626       0.17832
       0.52326       0.29112
       0.53926       0.50097
       0.55626       0.77688
       0.57226       1.03290
       0.58926       1.17084
       0.60526       1.14300
       0.62226       0.98451
       0.63826       0.77550
       0.65526       0.58830
       0.67126       0.45135
       0.68826       0.35628
       0.70426       0.28371
       0.72126       0.22575
       0.73726       0.18872
       0.75426       0.17869
       0.77126       0.18745
       0.78726       0.19564
       0.80426       0.18944
       0.82026       0.17069
       0.83726       0.15052
       0.85326       0.13844
       0.87026       0.13897
       0.88626       0.15190
       0.90326       0.17168
       0.91926       0.19067
       0.93626       0.20399
       0.95226       0.21147
       0.96926       0.21782
       0.98526       0.23502
       1.00226       0.28067
       1.01826       0.36064
       1.03526       0.45117
       1.05126       0.50622
       1.06826       0.49050
       1.08526       0.40656
       1.10126       0.29091
       1.11826       0.18616
       1.13426       0.11595
       1.15126       0.07945
       1.16726       0.06344
       1.18426       0.05722
       1.20026       0.05808
       1.21726       0.06735
       1.23326       0.08607
       1.25026       0.11509
       1.26626       0.15646
       1.28326       0.21026
       1.29926       0.26872
       1.31626       0.31818
       1.33226       0.35172
       1.34926       0.37962
       1.36526       0.42357
       1.38226       0.49917
       1.39926       0.60228
       1.41526       0.70575
       1.43226       0.76704
       1.44826       0.75147
       1.46526       0.65976
       1.48126       0.53034
       1.49826       0.40686
       1.51426       0.30726
       1.53126       0.22563
       1.54726       0.15412
       1.56426       0.09525
       1.58026       0.05588
       1.59726       0.03721
       1.61326       0.03267
       1.63026       0.03349
       1.64626       0.03573
       1.66326       0.04302
       1.67926       0.06318
       1.69626       0.10039
       1.71326       0.14929
       1.72926       0.19681
       1.74626       0.23124
       1.76226       0.25134
       1.77926       0.26715
       1.79526       0.29496
       1.81226       0.35010
       1.82826       0.43626
       1.84526       0.53397
       1.86126       0.60138
       1.87826       0.59751
       1.89426       0.51252
       1.91126       0.37602
       1.92726       0.23673
       1.94426       0.13329
       1.96026       0.07975
       1.97726       0.06846
       1.99326       0.08199
       2.01026       0.10345
       2.02726       0.12192
       2.04326       0.13311
       2.06026       0.13698
       2.07626       0.13493
       2.09326       0.12880
       2.10926       0.12024
       2.12626       0.10988
       2.14226       0.09681
       2.15926       0.08017
       2.17526       0.06218
       2.19226       0.04960
       2.20826       0.05187
       2.22526       0.07921
       2.24126       0.14157
       2.25826       0.24355
       2.27426       0.37173
       2.29126       0.48792
       2.30726       0.54471
       2.32426       0.52185
       2.34126       0.44658
       2.35726       0.37107
       2.37426       0.32850
       2.39026       0.31449
       2.40726       0.30681
       2.42326       0.29178
       2.44026       0.26934
       2.45626       0.24363
       2.47326       0.21648
       2.48926       0.18907
       2.50626       0.16193
       2.52226       0.13461
       2.53926       0.10853
       2.55526       0.08971
       2.57226       0.08615
       2.58826       0.10062
       2.60526       0.12628
       2.62126       0.15067
       2.63826       0.16515
       2.65526       0.17068
       2.67126       0.17620
       2.68826       0.19087
       2.70426       0.21566
       2.72126       0.24107
       2.73726       0.25391
       2.75426       0.24762
       2.77026       0.22616
       2.78726       0.19962
       2.80326       0.17678
       2.82026       0.16108
       2.83626       0.14924
       2.85326       0.13498
       2.86926       0.11581
       2.88626       0.09746
       2.90226       0.09030
       2.91926       0.10045
       2.93526       0.12452
       2.95226       0.15175
       2.96926       0.17155
       2.98526       0.17994
       3.00226       0.18135
       3.01826       0.18460
       3.03526       0.19701
       3.05126       0.21849
       3.06826       0.23991
       3.08426       0.24783
       3.10126       0.23482
       3.11726       0.20515
       3.13426       0.17183
       3.15026       0.14609
       3.16726       0.13081
       3.18326       0.12195
       3.20026       0.11503
       3.21626       0.11134
       3.23326       0.11625
       3.24926       0.13189
       3.26626       0.15076
       3.28326       0.16006
       3.29926       0.15256
       3.31626       0.13343
       3.33226       0.11620
       3.34926       0.11315
       3.36526       0.12773
       3.38226       0.15310
       3.39826       0.17764
       3.41526       0.19385
       3.43126       0.20483
       3.44826       0.22147
       3.46426       0.25104
       3.48126       0.28548
       3.49726       0.30330
       3.51426       0.28779
       3.53026       0.24692
       3.54726       0.20948
       3.56326       0.20105
       3.58026       0.22428
       3.59726       0.26268
       3.61326       0.29772
       3.63026       0.31851
       3.64626       0.32058
       3.66326       0.30223
       3.67926       0.26541
       3.69626       0.21554
       3.71226       0.16227
       3.72926       0.11947
       3.74526       0.10215
       3.76226       0.11839
       3.77826       0.16085
       3.79526       0.20815
       3.81126       0.23743
       3.82826       0.23965
       3.84426       0.22326
       3.86126       0.20509
       3.87726       0.19706
       3.89426       0.20113
       3.91126       0.21085
       3.92726       0.21729
       3.94426       0.21523
       3.96026       0.20869
       3.97726       0.20625
       3.99326       0.21373
       4.01026       0.22901
       4.02626       0.24396
       4.04326       0.24926
       4.05926       0.23885
       4.07626       0.21239
       4.09226       0.17603
       4.10926       0.14267
       4.12526       0.12835
       4.14226       0.14188
       4.15826       0.17572
       4.17526       0.20870
       4.19126       0.22135
       4.20826       0.21045
       4.22526       0.18865
       4.24126       0.17113
       4.25826       0.16329
       4.27426       0.16178
       4.29126       0.16426
       4.30726       0.17303
       4.32426       0.18840
       4.34026       0.20027
       4.35726       0.19331
       4.37326       0.16086
       4.39026       0.11251
       4.40626       0.06557
       4.42326       0.03287
       4.43926       0.01819
       4.45626       0.02063
       4.47226       0.03937
       4.48926       0.07318
       4.50526       0.11656
       4.52226       0.15828
       4.53926       0.18622
       4.55526       0.19484
       4.57226       0.18868
       4.58826       0.17776
       4.60526       0.16894
       4.62126       0.16310
       4.63826       0.15900
       4.65426       0.15726
       4.67126       0.15895
       4.68726       0.16355
       4.70426       0.17100
       4.72026       0.18266
       4.73726       0.19772
       4.75326       0.21062
       4.77026       0.21532
       4.78626       0.21251
       4.80326       0.20961
       4.81926       0.21428
       4.83626       0.22871
       4.85326       0.24945
       4.86926       0.26994
       4.88626       0.28197
       4.90226       0.27672
       4.91926       0.24924
       4.93526       0.20343
       4.95226       0.15385
       4.96826       0.11997
       4.98526       0.11574
       5.00126       0.14216
       5.01826       0.18906
       5.03426       0.24128
       5.05126       0.28268
       5.06726       0.29746
       5.08426       0.27605
       5.10026       0.22315
       5.11726       0.15764
       5.13326       0.10179
       5.15026       0.07015
       5.16726       0.06757
       5.18326       0.09122
       5.20026       0.13204
       5.21626       0.17540
       5.23326       0.20513
       5.24926       0.20987
       5.26626       0.18788
       5.28226       0.14822
       5.29926       0.10621
       5.31526       0.07581
       5.33226       0.06329
       5.34826       0.06619
       5.36526       0.07736
       5.38126       0.09036
       5.39826       0.10303
       5.41426       0.11836
       5.43126       0.14204
       5.44826       0.17640
       5.46426       0.21471
       5.48126       0.24324
       5.49726       0.25218
       5.51426       0.24420
       5.53026       0.23064
       5.54726       0.21867
       5.56326       0.20541
       5.58026       0.18606
       5.59626       0.16415
       5.61326       0.14938
       5.62926       0.14593
       5.64626       0.14755
       5.66226       0.14521
       5.67926       0.13534
       5.69526       0.12126
       5.71226       0.11000
       5.72826       0.10796
       5.74526       0.11673
       5.76226       0.13118
       5.77826       0.14271
       5.79526       0.14587
       5.81126       0.14193
       5.82826       0.13589
       5.84426       0.13137
       5.86126       0.12900
       5.87726       0.12903
       5.89426       0.13211
       5.91026       0.13582
       5.92726       0.13349
       5.94326       0.12061
       5.96026       0.10299
       5.97626       0.09455
       5.99326       0.10582
       6.00926       0.13379
       6.02626       0.16296
       6.04226       0.17619
       6.05926       0.16531
       6.07626       0.13540
       6.09226       0.09887
       6.10926       0.06709
       6.12526       0.04450
       6.14226       0.02954
       6.15826       0.01900
       6.17526       0.01116
       6.19126       0.00568
       6.20826       0.00243
       6.22426       0.00086
       6.24126       0.00025
       6.25726       0.00006
       6.27426       0.00001
       6.29026       0.00000
       6.30726       0.00000
       6.32326       0.00000
       6.34026       0.00000
       6.35626       0.00000
       6.37326       0.00000
       6.39026       0.00000
       6.40626       0.00000
       6.42326       0.00000
       6.43926       0.00000
       6.45626       0.00000
       6.47226       0.00000
       6.48926       0.00000
       6.50526       0.00000
       6.52226       0.00000
       6.53826       0.00000
       6.55526       0.00000
       6.57126       0.00000
       6.58826       0.00000
       6.60426       0.00000
       6.62126       0.00000
       6.63726       0.00000
       6.65426       0.00000
       6.67026       0.00000
       6.68726       0.00000
       6.70426       0.00000
       6.72026       0.00000
       6.73726       0.00000
       6.75326       0.00000
       6.77026       0.00000
       6.78626       0.00000
       6.80326       0.00000
       6.81926       0.00000
       6.83626       0.00000
       6.85226       0.00000
       6.86926       0.00000
       6.88526       0.00000
